164
115
130
199
1
37
0
36
60
90
8
14
79
50
12
33
95
40
1
133
74
49
11
157
30
132
178
123
1
133
196
192
0
78
133
66
200
133
198
24
238
107
113
1
1
178
199
108
36
20
109
200
34
36
92
77
200
122
120
1
100
8
133
200
1
255
150
109
200
41
137
159
133
114
1
54
185
13
137
133
190
91
34
150
21
147
3
8
1
132
0
3
25
105
23
0
53
72
200
60
142
61
26
133
108
219
171
14
1
23
142
6
81
100
39
43
200
13
162
43
254
12
0
1
20
254
54
112
200
42
33
115
133
131
40
71
133
0
142
131
62
66
5
1
69
222
200
78
1
133
152
134
53
1
92
81
190
18
158
125
158
97
65
79
37
170
159
0
180
133
75
72
96
58
107
207
34
35
21
40
172
0
0
53
19
223
59
60
88
64
251
55
61
33
96
165
101
0
166
1
210
185
83
43
24
218
110
131
1
1
242
184
114
172
130
201
0
70
1
41
68
193
34
60
1
0
145
0
26
115
44
0
132
81
1
88
15
129
183
22
255
135
133
84
23
159
30
5
170
50
106
134
126
1
55
146
58
62
193
60
47
115
56
1
1
8
0
90
10
44
0
144
67
64
109
40
139
8
64
126
23
19
19
195
99
149
128
133
133
72
188
54
104
89
55
0
200
40
105
76
130
30
133
52
1
0
15
56
79
60
255
64
133
138
105
97
0
105
12
1
50
74
60
26
26
195
69
23
161
1
78
96
133
61
8
145
101
44
120
67
0
35
35
1
103
197
74
0
20
127
127
0
38
138
97
0
128
99
200
87
184
70
115
127
83
0
10
52
74
133
255
30
2
188
36
218
130
98
200
1
137
84
133
200
48
79
42
44
28
101
255
31
50
46
72
40
64
85
193
103
158
110
11
116
105
255
80
7
83
1
39
115
125
82
18
146
68
133
54
65
73
24
75
1
60
27
187
19
70
80
58
140
108
139
32
222
16
79
150
63
196
200
24
197
101
216
0
110
1
54
233
61
28
20
96
111
25
94
48
64
216
200
35
49
41
54
52
120
30
7
143
82
117
107
60
8
40
133
177
107
0
26
24
1
33
253
65
24
78
1
72
0
67
90
133
152
67
133
8
117
210
29
0
101
51
8
200
24
177
1
169
106
81
94
131
23
60
94
158
83
195
130
4
1
1
0
194
77
89
103
255
152
34
1
51
40
0
8
87
88
76
120
103
1
16
93
0
133
161
51
106
200
17
102
1
221
109
133
22
133
100
10
133
175
83
106
7
105
123
1
137
103
109
162
47
33
179
0
127
92
53
17
90
130
96
255
168
0
168
133
226
126
43
200
1
76
152
36
149
124
217
4
133
177
44
131
6
28
111
54
206
188
7
68
133
54
125
5
17
76
169
195
6
67
30
215
15
86
111
1
26
157
0
97
115
0
0
46
9
35
145
7
27
200
85
244
161
133
1
77
155
0
93
47
8
141
9
19
104
42
126
0
133
1
133
236
161
60
130
99
113
144
0
62
133
230
171
73
172
11
5
7
111
137
90
148
48
96
47
133
157
0
13
11
108
68
34
56
33
132
95
60
57
123
1
36
30
53
178
99
250
0
89
84
1
255
33
114
155
36
122
74
133
61
6
183
101
72
200
85
244
4
112
200
10
204
0
17
1
42
172
39
86
20
21
3
114
127
32
49
113
151
16
1
69
224
107
87
166
133
255
198
85
17
1
183
110
0
200
1
166
0
0
100
91
130
44
0
200
1
168
177
102
13
133
221
38
133
75
57
175
0
62
80
94
168
45
0
157
13
0
151
133
15
133
147
142
0
62
34
199
190
133
200
133
210
13
66
194
117
59
44
84
61
116
7
169
47
157
76
225
200
51
57
14
196
117
92
130
89
255
97
95
200
86
35
109
9
132
17
186
0
0
200
108
255
14
106
200
133
81
63
133
17
42
49
75
18
25
16
89
8
133
195
18
255
0
33
82
28
215
200
63
29
1
255
19
29
197
36
211
200
104
38
10
216
108
27
89
46
55
171
69
65
123
0
0
97
200
38
28
128
15
77
20
110
154
49
1
83
0
162
112
119
1
93
0
55
100
85
123
178
0
83
133
249
69
82
107
57
162
0
57
56
58
76
67
99
1
110
149
154
0
200
57
254
19
32
70
33
112
4
80
91
31
14
200
102
9
133
65
42
24
127
87
104
87
133
80
126
197
181
90
106
133
51
160
62
33
112
108
104
76
81
35
144
64
112
160
120
179
